# 1-sigma error on y is 5.0
#              x                y
     51.01853811     -11.43447191
     65.92967764      -6.82875684
     97.42672354       6.79103031
     47.78382034     -10.94612222
     32.04297293     -14.71360529
     28.36797161     -16.35836390
     52.04779127     -13.18599725
     73.52138095      -0.80345835
     80.64747606       4.57212176
      5.77482817     -11.12622591
     59.75852028      -6.54273088
     28.47159999     -13.26749969
     29.09369549     -20.43892049
     27.07973249     -14.84391622
     76.10630183      10.36712242
     50.99938609      -5.06190601
      9.18550507     -17.03699632
     16.80429127     -21.06268166
     67.92978840      -3.36024704
     16.43974805     -27.18291276
     74.80855376     -11.42028143
     70.80598982      -2.84615516
      4.91841291     -23.68955499
     66.39827088      -8.29857868
     58.78855172      -8.89905525
     31.49307929     -15.19877608
     93.88505244      15.73263019
     97.50833691       5.93902660
     57.39690490     -13.17750394
     18.06418578     -26.46813939
     37.65867352     -10.37007455
      3.41474236     -25.77333271
     76.36135193       0.81428899
     37.95617713      -8.64607600
     23.22636880     -27.16182184
     60.01371297      -5.53794110
     19.73837804     -16.18405466
     69.65721475       3.66117730
     79.73143858       8.72368671
     24.91267708     -27.04680713
     27.21862807      -9.74705980
     23.83005130     -25.52673876
     13.51569023     -24.34995618
     24.10870856     -22.87769984
     53.35488606      -5.52006512
     37.30737204     -13.44064322
     67.52723603      -4.39744986
     76.00613403      -9.28076273
     93.45385196      14.42181184
     97.94780731      12.21363026
